boss_7_2.png
size:2588,2588
filter:Linear,Linear
pma:true
scale:0.5
1
bounds:2109,1854,75,86
offsets:0,0,75,87
rotate:90
12
bounds:2320,682,252,148
13
bounds:2016,1851,91,78
offsets:1,0,92,78
14
bounds:2471,1295,131,97
offsets:1,0,132,98
rotate:90
32
bounds:2471,1295,131,97
offsets:1,0,132,98
rotate:90
15
bounds:1649,525,143,339
offsets:1,0,144,340
rotate:90
33
bounds:1649,525,143,339
offsets:1,0,144,340
rotate:90
16
bounds:2197,1249,680,272
rotate:90
17
bounds:1312,489,335,224
18
bounds:1576,216,403,271
offsets:1,1,404,272
35
bounds:1576,216,403,271
offsets:1,1,404,272
19
bounds:1990,533,342,141
2
bounds:211,2,64,61
rotate:90
20
bounds:1969,676,337,349
offsets:0,1,337,350
rotate:90
21
bounds:1312,715,380,428
offsets:1,1,382,430
22
bounds:274,25,41,67
rotate:90
23
bounds:343,30,30,36
24
bounds:2471,1747,104,182
25
bounds:2,1083,1173,1503
offsets:1,0,1174,1503
26
bounds:1177,1352,497,935
offsets:1,1,499,936
rotate:90
27
bounds:2,458,623,1308
rotate:90
28
bounds:1177,1145,205,516
offsets:1,0,206,516
rotate:90
29
bounds:670,201,255,904
offsets:0,1,255,905
rotate:90
3
bounds:2,17,207,49
30
bounds:2398,169,158,131
offsets:1,0,159,131
31
bounds:2398,302,231,167
rotate:90
34
bounds:1695,670,680,272
rotate:90
36
bounds:1969,1015,335,224
rotate:90
37
bounds:2114,1759,68,93
38
bounds:2016,1931,655,540
offsets:1,1,657,541
rotate:90
39
bounds:1981,78,445,415
rotate:90
4
bounds:670,26,988,173
40
bounds:2334,535,204,145
offsets:1,0,205,145
41
bounds:1177,1851,735,837
rotate:90
43
bounds:2195,1047,200,336
offsets:0,0,200,337
rotate:90
5
bounds:2471,1428,133,115
offsets:1,0,134,115
rotate:90
6
bounds:1660,25,216,189
offsets:1,0,217,189
7
bounds:2,68,666,388
8
bounds:2471,1563,182,95
rotate:90
9
bounds:2320,832,254,213
